0.1 0.0001 0.869817412831511
0.2 0.0001 0.9281476772024039
0.3 0.0001 0.9711323844334965
0.5 0.0001 1.032431570773618
1 0.0001 1.088292372514517
2 0.0001 1.1479049160546462
3 0.0001 1.1527729731336078
5 0.0001 1.1796704512998177
10 0.0001 1.238360203417894
0.1 0.00015 0.87111479495367
0.2 0.00015 0.9293093675517743
0.3 0.00015 0.9716377673012315
0.5 0.00015 1.0334434495522264
1 0.00015 1.0888121357577067
2 0.00015 1.1483993210056385
3 0.00015 1.1524375882289855
5 0.00015 1.1788290827208838
10 0.00015 1.2425243032852076
0.1 0.000225 0.873863065727867
0.2 0.000225 0.9312571281752606
0.3 0.000225 0.9728183312453711
0.5 0.000225 1.0352015237117014
1 0.000225 1.0899621354748583
2 0.000225 1.148502248306591
3 0.000225 1.1519072967279635
5 0.000225 1.1770095985221545
10 0.000225 1.2464845825528172
0.1 0.000338 0.8781001824769813
0.2 0.000338 0.9335477924334663
0.3 0.000338 0.9747425888251462
0.5 0.000338 1.0372128469878614
1 0.000338 1.0919540949788498
2 0.000338 1.1476374775441514
3 0.000338 1.1511569389796883
5 0.000338 1.1747811924636966
10 0.000338 1.2460359611898089
0.1 0.000506 0.8836068050729247
0.2 0.000506 0.9360150219398748
0.3 0.000506 0.9771781443768761
0.5 0.000506 1.0388758741819055
1 0.000506 1.094932563897638
2 0.000506 1.1462848919420736
3 0.000506 1.1500094491272093
5 0.000506 1.1733840972147807
10 0.000506 1.2401903791247106
0.1 0.000759 0.8899971098757689
0.2 0.000759 0.9388582530587157
0.3 0.000759 0.9797074788723853
0.5 0.000759 1.0396681772217198
1 0.000759 1.0986358234478293
2 0.000759 1.145329848784864
3 0.000759 1.1487614664123211
5 0.000759 1.1734483471883768
10 0.000759 1.2300545225319903
0.1 0.001139 0.8968186938829749
0.2 0.001139 0.9424140119482178
0.3 0.001139 0.9820431877598345
0.5 0.001139 1.0393838476271595
1 0.001139 1.1021769917811532
2 0.001139 1.144940018322333
3 0.001139 1.1486101616960596
5 0.001139 1.174281892565488
10 0.001139 1.2171965382368817
0.1 0.001709 0.9036245013444919
0.2 0.001709 0.94684024387054
0.3 0.001709 0.9842070360685804
0.5 0.001709 1.0383420638931713
1 0.001709 1.1042292290001148
2 0.001709 1.144416745090445
3 0.001709 1.1507589915635066
5 0.001709 1.174938777928766
10 0.001709 1.2039704402306581
0.1 0.002563 0.9101234359265644
0.2 0.002563 0.9519955029261092
0.3 0.002563 0.9864447996129639
0.5 0.002563 1.0372948513386318
1 0.002563 1.1036624974926
2 0.002563 1.1430165855979575
3 0.002563 1.1547346343277376
5 0.002563 1.1755334712196706
10 0.002563 1.1935507197207278
0.1 0.003844 0.9162826362503854
0.2 0.003844 0.957512117154636
0.3 0.003844 0.9890584139564677
0.5 0.003844 1.0369405572335353
1 0.003844 1.1002887798064185
2 0.003844 1.140459619548409
3 0.003844 1.1580645247913752
5 0.003844 1.176608380077993
10 0.003844 1.1882689743151762
0.1 0.005766 0.9222022452333789
0.2 0.005766 0.9628769748854156
0.3 0.005766 0.9923095294550459
0.5 0.005766 1.037425525335398
1 0.005766 1.0950615985680487
2 0.005766 1.1366504880757546
3 0.005766 1.1580484279098946
5 0.005766 1.1773768264744677
10 0.005766 1.1879457967100224
0.1 0.00865 0.9278574178234997
0.2 0.00865 0.9675889998866904
0.3 0.00865 0.9962046354982692
0.5 0.00865 1.0383181398643437
1 0.00865 1.0894902036473653
2 0.00865 1.1314570067352276
3 0.00865 1.1537171282348893
5 0.00865 1.1757121455814312
10 0.00865 1.1899961453146115
0.1 0.012975 0.9329934097538444
0.2 0.012975 0.9714219043508203
0.3 0.012975 1.0002163868046083
0.5 0.012975 1.0390146144433587
1 0.012975 1.0848448733235307
2 0.012975 1.124975982365722
3 0.012975 1.1460622750429255
5 0.012975 1.1702950276864206
10 0.012975 1.1915338542508536
0.1 0.019462 0.9373050793399855
0.2 0.019462 0.9745421718350036
0.3 0.019462 1.0034992718403613
0.5 0.019462 1.0392524353205101
1 0.019462 1.0817023761896105
2 0.019462 1.1177175592997328
3 0.019462 1.1368656730137805
5 0.019462 1.1619283881133395
10 0.019462 1.1916127004385493
0.1 0.029193 0.9407027260862102
0.2 0.029193 0.9772956683333959
0.3 0.029193 1.0055942498364872
0.5 0.029193 1.0393141183879862
1 0.029193 1.0796551452316727
2 0.029193 1.1104168809998975
3 0.029193 1.1276183947778744
5 0.029193 1.1522379591074259
10 0.029193 1.1909628818321303
0.1 0.043789 0.9434510541939067
0.2 0.043789 0.9798968897005035
0.3 0.043789 1.0068457551466747
0.5 0.043789 1.0396747526388084
1 0.043789 1.077502749819972
2 0.043789 1.103786594628298
3 0.043789 1.1192947688784618
5 0.043789 1.1419783187139818
10 0.043789 1.189651804816675
0.1 0.065684 0.9461808846998262
0.2 0.065684 0.9823964559508744
0.3 0.065684 1.0080339448061106
0.5 0.065684 1.0405050696783267
1 0.065684 1.0743614460047963
2 0.065684 1.0982881229570678
3 0.065684 1.1124994519893834
5 0.065684 1.1313458536941376
10 0.065684 1.1859886523009253
0.1 0.098526 0.9497738988088495
0.2 0.098526 0.9849079578028823
0.3 0.098526 1.0096693358369537
0.5 0.098526 1.0415707574935174
1 0.098526 1.0707393239396783
2 0.098526 1.0939143757408163
3 0.098526 1.1072960561637768
5 0.098526 1.1211333539593726
10 0.098526 1.1779532536492285
0.1 0.147789 0.9549892532823074
0.2 0.147789 0.987712085030725
0.3 0.147789 1.011611066464002
0.5 0.147789 1.0424333873920317
1 0.147789 1.068129067665359
2 0.147789 1.090137909338825
3 0.147789 1.1030095054700517
5 0.147789 1.112431871756712
10 0.147789 1.165329945601531
0.1 0.221684 0.9619168634790245
0.2 0.221684 0.9910341118351893
0.3 0.221684 1.0131938273637577
0.5 0.221684 1.0425097531674923
1 0.221684 1.0673189991080243
2 0.221684 1.0861487826800256
3 0.221684 1.0985183868162962
5 0.221684 1.105449540297887
10 0.221684 1.1504592766099362
0.1 0.332526 0.9697320138485297
0.2 0.332526 0.9947551191028123
0.3 0.332526 1.0136697880686454
0.5 0.332526 1.0410694005847383
1 0.332526 1.0672632281737653
2 0.332526 1.0813493819635862
3 0.332526 1.0929716681117916
5 0.332526 1.0994264410281398
10 0.332526 1.136784468611936
0.1 0.498789 0.9770500201416461
0.2 0.498789 0.9982675511832242
0.3 0.498789 1.0126060307984974
0.5 0.498789 1.0374337512038474
1 0.498789 1.0656453393804322
2 0.498789 1.0757556366925944
3 0.498789 1.086390999494354
5 0.498789 1.0936134079593778
10 0.498789 1.1263842168497202
0.1 0.748183 0.9825549518306325
0.2 0.748183 1.0005008926190004
0.3 0.748183 1.009946033691553
0.5 0.748183 1.0312998005603047
1 0.748183 1.0604399786420393
2 0.748183 1.0697280187301441
3 0.748183 1.0796405779931264
5 0.748183 1.0878466953041896
10 0.748183 1.1188474278965597
0.1 1.12227 0.9853831440774896
0.2 1.12227 1.0002502785365328
0.3 1.12227 1.005795481874661
0.5 1.12227 1.0229635301144668
1 1.12227 1.0510651744752701
2 1.12227 1.0631633453185239
3 1.12227 1.073651601161422
5 1.12227 1.0821582401527
10 1.12227 1.112469455264946
0.1 1.68341 0.9852236678887909
0.2 1.68341 0.9968657494353903
0.3 1.68341 1.000297101121299
0.5 1.68341 1.0132909360067475
1 1.68341 1.0384947902841055
2 1.68341 1.0552325435652863
3 1.68341 1.0684197002136635
5 1.68341 1.0761217435806407
10 1.68341 1.1062120607220467
0.1 2.52512 0.9824347219821855
0.2 2.52512 0.9908301993806055
0.3 2.52512 0.993743776657942
0.5 2.52512 1.0033772576061537
1 2.52512 1.0245944552334707
2 2.52512 1.045154298116683
3 2.52512 1.0627578314847637
5 2.52512 1.0687789015287879
10 2.52512 1.1004335689042044
0.1 3.78768 0.978109156461367
0.2 3.78768 0.9836105461986722
0.3 3.78768 0.9867194478105191
0.5 3.78768 0.9941110067374612
1 3.78768 1.011253590781851
2 3.78768 1.03307596288713
3 3.78768 1.0551552534325048
5 3.78768 1.0594224729646704
10 3.78768 1.0959371887450506
0.1 5.68151 0.9737158746319267
0.2 5.68151 0.9768825232856619
0.3 5.68151 0.9800199192628378
0.5 5.68151 0.9860329164089565
1 5.68151 0.9997303281154304
2 5.68151 1.0200713892550213
3 5.68151 1.0449200644351053
5 5.68151 1.0484295802907453
10 5.68151 1.092493940515877
0.1 8.52227 0.9704093297553871
0.2 8.52227 0.9717864119518995
0.3 8.52227 0.9744117317395423
0.5 8.52227 0.9794554881306478
1 8.52227 0.990433705477556
2 8.52227 1.0075052550933115
3 8.52227 1.0325742669989362
5 8.52227 1.0370682073908495
10 8.52227 1.0884083063105776
0.1 12.7834 0.9685780735518568
0.2 12.7834 0.9686604351889476
0.3 12.7834 0.9703839461341449
0.5 12.7834 0.9745270606562988
1 12.7834 0.9831733982475532
2 12.7834 0.9965160115235565
3 12.7834 1.019445075261663
5 12.7834 1.026499170057442
10 12.7834 1.081649076480661
0.1 19.1751 0.967941931310288
0.2 19.1751 0.9671866657476665
0.3 19.1751 0.968002969371761
0.5 19.1751 0.9711579470321484
1 19.1751 0.9775811458881498
2 19.1751 0.9878184110650835
3 19.1751 1.0070399576651266
5 19.1751 1.0172468637261227
10 19.1751 1.071517071780071
0.1 28.7627 0.9679607016200424
0.2 28.7627 0.9667549125119468
0.3 28.7627 0.9669757359355658
0.5 28.7627 0.9690598606603501
1 28.7627 0.9734114201967574
2 28.7627 0.9816227181842384
3 28.7627 0.9965826439020468
5 28.7627 1.0094902048364378
10 28.7627 1.0592403554868342
0.1 43.144 0.9681551991243537
0.2 43.144 0.966829845745428
0.3 43.144 0.9668434222578902
0.5 43.144 0.9679312374712272
1 43.144 0.9705309809258542
2 43.144 0.9776121612190385
3 43.144 0.9886804393050739
5 43.144 1.0033083708296193
10 43.144 1.0470446691961703
0.1 64.716 0.9682232385954552
0.2 64.716 0.9671201375262615
0.3 64.716 0.967176698114165
0.5 64.716 0.96754757499277
1 64.716 0.9687548402170056
2 64.716 0.9751241755775626
3 64.716 0.9832292661436599
5 64.716 0.9984845054395782
10 64.716 1.0367752517382283
0.1 97.074 0.9680602592488111
0.2 97.074 0.9675092358261055
0.3 97.074 0.9676654959897514
0.5 97.074 0.9676976964727451
1 97.074 0.9677816245179749
2 97.074 0.9734999904828908
3 97.074 0.979715594587272
5 97.074 0.9945301858037483
10 97.074 1.029259453873058
0.1 145.611 0.9677537416811604
0.2 145.611 0.967895602807179
0.3 145.611 0.9681086711821727
0.5 145.611 0.9680926530898338
1 145.611 0.9672895050996699
2 145.611 0.9723910647351266
3 145.611 0.9776232381279979
5 145.611 0.9912971335869609
10 145.611 1.0245197924115064
0.1 218.416 0.9675135032061075
0.2 218.416 0.9681425570801698
0.3 218.416 0.9683706144844313
0.5 218.416 0.9684045660280001
1 218.416 0.9670780866933725
2 218.416 0.9717842605717475
3 218.416 0.9766427283957075
5 218.416 0.9893342989331891
10 218.416 1.0222627590822206
